                  X       4.240    X      14.846    X      25.453    X      36.059 
           T      AREA   MOM BL    AREA   MOM BL    AREA   MOM BL    AREA   MOM BL   T

          0.00    0.00     0.00    0.00     0.00    0.00     0.00    0.00     0.00  0.00
          1.00    0.00     0.00    0.00     0.00    0.00     0.00    0.00     0.00  1.00
          2.00    0.00     0.00    0.00     0.00    0.00     0.00    5.45     9.73  2.00
          3.00    0.00     0.00    0.00     0.00    0.00     0.00   29.67    71.40  3.00
          4.00    0.00     0.00    0.00     0.00    0.00     0.00   63.63   190.79  4.00
          5.00    0.00     0.00    0.00     0.00   16.51    76.46  101.95   363.50  5.00
          6.00    0.00     0.00    0.00     0.00   48.16   251.22  142.66   587.56  6.00
          7.00    0.00     0.00    3.35    23.02   85.52   494.37  184.77   861.37  7.00
          8.00    0.00     0.00   31.03   231.86  125.83   796.90  227.60  1182.60  8.00
          9.00    0.11     1.03   67.46   541.97  167.91  1154.74  270.63  1548.36  9.00
         10.00   22.80   218.48  107.38   921.42  210.82  1562.36  313.66  1957.20 10.00
         11.00   58.46   593.49  149.34  1362.10  253.85  2014.23  356.70  2409.08 11.00
         12.00   98.93  1059.26  192.28  1855.94  296.89  2509.15  399.74  2903.99 12.00
         13.00  141.77  1594.79  235.32  2393.89  339.93  3047.10  442.77  3441.94 13.00
         14.00  184.81  2175.77  278.35  2974.88  382.96  3628.08  485.81  4022.93 14.00
         15.00  227.84  2799.79  321.39  3598.90  426.00  4252.10  528.84  4646.95 15.00
         16.00  270.88  3466.85  364.42  4265.96  469.03  4919.16  571.88  5314.01 16.00
         17.00  313.91  4176.95  407.46  4976.05  512.07  5629.26  614.91  6024.10 17.00
         18.00  356.95  4930.08  450.50  5729.18  555.11  6382.39  657.95  6777.23 18.00
         19.00  399.99  5726.24  493.53  6525.35  598.14  7178.55  700.99  7573.40 19.00
         20.00  443.02  6565.44  536.57  7364.55  641.18  8017.75  744.02  8412.60 20.00
         21.00  486.06  7447.68  579.60  8246.79  684.21  8899.99  787.06  9294.83 21.00
         22.00  529.09  8372.96  622.64  9172.06  727.25  9825.27  830.10 10220.11 22.00
         23.00  572.13  9341.26  665.68 10140.37  770.29 10793.58  873.13 11188.42 23.00
         24.00  615.17 10352.61  708.71 11151.71  813.32 11804.92  916.17 12199.76 24.00
         25.00  658.20 11406.99  751.75 12206.10  856.36 12859.30  959.20 13254.15 25.00
         26.00  701.24 12504.41  794.78 13303.52  899.39 13956.72 1002.24 14351.57 26.00
         27.00  744.27 13644.87  837.82 14443.97  942.43 15097.18 1045.28 15492.02 27.00
         28.00  768.20 14297.57  861.75 15096.68  966.36 15749.88 1069.20 16144.73 28.00
         29.00  768.20 14297.57  861.75 15096.68  966.36 15749.88 1069.20 16144.73 29.00
         30.00  768.20 14297.57  861.75 15096.68  966.36 15749.88 1069.20 16144.73 30.00
         31.00  768.20 14297.57  861.75 15096.68  966.36 15749.88 1069.20 16144.73 31.00
         32.00  768.20 14297.57  861.75 15096.68  966.36 15749.88 1069.20 16144.73 32.00


       
                  X      46.666    X      57.272    X      67.879    X      78.485 
           T      AREA   MOM BL    AREA   MOM BL    AREA   MOM BL    AREA   MOM BL   T

          0.00    0.00     0.00    0.51    -0.00    0.72    -0.01    0.72    -0.01  0.00
          1.00   17.22    11.07   37.75    19.25   42.52    21.08   42.62    21.11  1.00
          2.00   50.89    62.24   78.77    80.96   85.44    85.49   85.53    85.52  2.00
          3.00   89.42   158.82  121.18   187.04  128.47   193.08  128.57   193.11  3.00
          4.00  130.29   302.01  164.14   337.42  171.51   343.71  171.61   343.74  4.00
          5.00  172.49   491.98  207.17   531.08  214.54   537.37  214.64   537.40  5.00
          6.00  215.35   727.73  250.21   767.78  257.58   774.07  257.68   774.10  6.00
          7.00  258.38  1007.45  293.24  1047.51  300.62  1053.80  300.71  1053.83  7.00
          8.00  301.42  1330.22  336.28  1370.28  343.65  1376.57  343.75  1376.60  8.00
          9.00  344.45  1696.02  379.32  1736.09  386.69  1742.38  386.79  1742.41  9.00
         10.00  387.49  2104.86  422.35  2144.93  429.72  2151.22  429.82  2151.25 10.00
         11.00  430.52  2556.74  465.39  2596.81  472.76  2603.10  472.86  2603.13 11.00
         12.00  473.56  3051.66  508.42  3091.72  515.80  3098.01  515.89  3098.04 12.00
         13.00  516.60  3589.61  551.46  3629.67  558.83  3635.96  558.93  3635.99 13.00
         14.00  559.63  4170.59  594.50  4210.66  601.87  4216.95  601.97  4216.98 14.00
         15.00  602.67  4794.61  637.53  4834.68  644.90  4840.97  645.00  4841.00 15.00
         16.00  645.70  5461.67  680.57  5501.74  687.94  5508.03  688.04  5508.06 16.00
         17.00  688.74  6171.77  723.60  6211.83  730.98  6218.12  731.07  6218.15 17.00
         18.00  731.78  6924.90  766.64  6964.96  774.01  6971.25  774.11  6971.28 18.00
         19.00  774.81  7721.06  809.68  7761.13  817.05  7767.42  817.15  7767.45 19.00
         20.00  817.85  8560.26  852.71  8600.33  860.08  8606.62  860.18  8606.65 20.00
         21.00  860.88  9442.50  895.75  9482.57  903.12  9488.86  903.22  9488.89 21.00
         22.00  903.92 10367.78  938.78 10407.84  946.16 10414.13  946.25 10414.16 22.00
         23.00  946.96 11336.09  981.82 11376.15  989.19 11382.44  989.29 11382.47 23.00
         24.00  989.99 12347.43 1024.86 12387.50 1032.23 12393.79 1032.33 12393.82 24.00
         25.00 1033.03 13401.81 1067.89 13441.88 1075.26 13448.17 1075.36 13448.20 25.00
         26.00 1076.06 14499.23 1110.93 14539.30 1118.30 14545.59 1118.40 14545.62 26.00
         27.00 1119.10 15639.69 1153.96 15679.75 1161.34 15686.04 1161.43 15686.07 27.00
         28.00 1143.03 16292.39 1177.89 16332.46 1185.26 16338.75 1185.36 16338.78 28.00
         29.00 1143.03 16292.39 1177.89 16332.46 1185.26 16338.75 1185.36 16338.78 29.00
         30.00 1143.03 16292.39 1177.89 16332.46 1185.26 16338.75 1185.36 16338.78 30.00
         31.00 1143.03 16292.39 1177.89 16332.46 1185.26 16338.75 1185.36 16338.78 31.00
         32.00 1143.03 16292.39 1177.89 16332.46 1185.26 16338.75 1185.36 16338.78 32.00


                   X      89.092    X      99.698    X     110.305    X     120.911 
           T      AREA   MOM BL    AREA   MOM BL    AREA   MOM BL    AREA   MOM BL   T

          0.00    0.72    -0.01    0.72    -0.01    0.72    -0.01    0.72    -0.01  0.00
          1.00   42.62    21.11   42.62    21.11   42.62    21.11   42.62    21.11  1.00
          2.00   85.53    85.52   85.53    85.52   85.53    85.52   85.53    85.52  2.00
          3.00  128.57   193.11  128.57   193.11  128.57   193.11  128.57   193.11  3.00
          4.00  171.61   343.74  171.61   343.74  171.61   343.74  171.61   343.74  4.00
          5.00  214.64   537.40  214.64   537.40  214.64   537.40  214.64   537.40  5.00
          6.00  257.68   774.10  257.68   774.10  257.68   774.10  257.68   774.10  6.00
          7.00  300.71  1053.83  300.71  1053.83  300.71  1053.83  300.71  1053.83  7.00
          8.00  343.75  1376.60  343.75  1376.60  343.75  1376.60  343.75  1376.60  8.00
          9.00  386.79  1742.41  386.79  1742.41  386.79  1742.41  386.79  1742.41  9.00
         10.00  429.82  2151.25  429.82  2151.25  429.82  2151.25  429.82  2151.25 10.00
         11.00  472.86  2603.13  472.86  2603.13  472.86  2603.13  472.86  2603.13 11.00
         12.00  515.89  3098.04  515.89  3098.04  515.89  3098.04  515.89  3098.04 12.00
         13.00  558.93  3635.99  558.93  3635.99  558.93  3635.99  558.93  3635.99 13.00
         14.00  601.97  4216.98  601.97  4216.98  601.97  4216.98  601.97  4216.98 14.00
         15.00  645.00  4841.00  645.00  4841.00  645.00  4841.00  645.00  4841.00 15.00
         16.00  688.04  5508.06  688.04  5508.06  688.04  5508.06  688.04  5508.06 16.00
         17.00  731.07  6218.15  731.07  6218.15  731.07  6218.15  731.07  6218.15 17.00
         18.00  774.11  6971.28  774.11  6971.28  774.11  6971.28  774.11  6971.28 18.00
         19.00  817.15  7767.45  817.15  7767.45  817.15  7767.45  817.15  7767.45 19.00
         20.00  860.18  8606.65  860.18  8606.65  860.18  8606.65  860.18  8606.65 20.00
         21.00  903.22  9488.89  903.22  9488.89  903.22  9488.89  903.22  9488.89 21.00
         22.00  946.25 10414.16  946.25 10414.16  946.25 10414.16  946.25 10414.16 22.00
         23.00  989.29 11382.47  989.29 11382.47  989.29 11382.47  989.29 11382.47 23.00
         24.00 1032.33 12393.82 1032.33 12393.82 1032.33 12393.82 1032.33 12393.82 24.00
         25.00 1075.36 13448.20 1075.36 13448.20 1075.36 13448.20 1075.36 13448.20 25.00
         26.00 1118.40 14545.62 1118.40 14545.62 1118.40 14545.62 1118.40 14545.62 26.00
         27.00 1161.43 15686.07 1161.43 15686.07 1161.43 15686.07 1161.43 15686.07 27.00
         28.00 1185.36 16338.78 1185.36 16338.78 1185.36 16338.78 1185.36 16338.78 28.00
         29.00 1185.36 16338.78 1185.36 16338.78 1185.36 16338.78 1185.36 16338.78 29.00
         30.00 1185.36 16338.78 1185.36 16338.78 1185.36 16338.78 1185.36 16338.78 30.00
         31.00 1185.36 16338.78 1185.36 16338.78 1185.36 16338.78 1185.36 16338.78 31.00
         32.00 1185.36 16338.78 1185.36 16338.78 1185.36 16338.78 1185.36 16338.78 32.00


                  X     131.518    X     142.124    X     152.731    X     163.338 
           T      AREA   MOM BL    AREA   MOM BL    AREA   MOM BL    AREA   MOM BL   T

          0.00    0.72    -0.01    0.72    -0.01    0.66    -0.01    0.53    -0.00  0.00
          1.00   42.62    21.11   42.62    21.11   40.12    19.98   32.85    16.47  1.00
          2.00   85.53    85.52   85.53    85.52   81.42    82.02   67.78    69.03  2.00
          3.00  128.57   193.11  128.57   193.11  123.51   187.27  104.44   160.80  3.00
          4.00  171.61   343.74  171.61   343.74  166.08   336.31  142.45   293.95  4.00
          5.00  214.64   537.40  214.64   537.40  208.94   529.20  181.54   469.90  5.00
          6.00  257.68   774.10  257.68   774.10  251.93   765.65  221.48   689.66  6.00
          7.00  300.71  1053.83  300.71  1053.83  294.96  1045.35  262.13   953.91  7.00
          8.00  343.75  1376.60  343.75  1376.60  338.00  1368.12  303.35  1263.10  8.00
          9.00  386.79  1742.41  386.79  1742.41  381.03  1733.93  345.05  1617.63  9.00
         10.00  429.82  2151.25  429.82  2151.25  424.07  2142.77  387.16  2017.68 10.00
         11.00  472.86  2603.13  472.86  2603.13  467.10  2594.65  429.59  2463.19 11.00
         12.00  515.89  3098.04  515.89  3098.04  510.14  3089.56  472.26  2953.90 12.00
         13.00  558.93  3635.99  558.93  3635.99  553.18  3627.51  515.10  3489.42 13.00
         14.00  601.97  4216.98  601.97  4216.98  596.21  4208.50  558.05  4069.31 14.00
         15.00  645.00  4841.00  645.00  4841.00  639.25  4832.52  601.07  4693.07 15.00
         16.00  688.04  5508.06  688.04  5508.06  682.28  5499.58  644.11  5360.13 16.00
         17.00  731.07  6218.15  731.07  6218.15  725.32  6209.67  687.14  6070.23 17.00
         18.00  774.11  6971.28  774.11  6971.28  768.36  6962.80  730.18  6823.36 18.00
         19.00  817.15  7767.45  817.15  7767.45  811.39  7758.97  773.21  7619.52 19.00
         20.00  860.18  8606.65  860.18  8606.65  854.43  8598.17  816.25  8458.72 20.00
         21.00  903.22  9488.89  903.22  9488.89  897.46  9480.41  859.29  9340.96 21.00
         22.00  946.25 10414.16  946.25 10414.16  940.50 10405.68  902.32 10266.24 22.00
         23.00  989.29 11382.47  989.29 11382.47  983.54 11373.99  945.36 11234.55 23.00
         24.00 1032.33 12393.82 1032.33 12393.82 1026.57 12385.34  988.39 12245.89 24.00
         25.00 1075.36 13448.20 1075.36 13448.20 1069.61 13439.72 1031.43 13300.27 25.00
         26.00 1118.40 14545.62 1118.40 14545.62 1112.64 14537.14 1074.47 14397.69 26.00
         27.00 1161.43 15686.07 1161.43 15686.07 1155.68 15677.59 1117.50 15538.15 27.00
         28.00 1185.36 16338.78 1185.36 16338.78 1198.72 16861.08 1160.54 16721.63 28.00
         29.00 1185.36 16338.78 1185.36 16338.78 1241.75 18087.61 1203.57 17948.16 29.00
         30.00 1185.36 16338.78 1185.36 16338.78 1284.79 19357.17 1246.61 19217.72 30.00
         31.00 1185.36 16338.78 1185.36 16338.78 1327.82 20669.77 1289.65 20530.32 31.00
         32.00 1185.36 16338.78 1185.36 16338.78 1362.25 21750.83 1324.07 21611.38 32.00


                  X     173.944    X     184.551    X     195.157    X     205.764 
           T      AREA   MOM BL    AREA   MOM BL    AREA   MOM BL    AREA   MOM BL   T

          0.00    0.38    -0.00    0.23    -0.00    0.11    -0.00    0.02    -0.00  0.00
          1.00   24.13    12.20   16.28     8.44    9.80     5.22    3.88     2.23  1.00
          2.00   51.32    53.24   36.01    38.26   22.76    24.88   10.27    11.96  2.00
          3.00   80.95   127.48   58.30    94.19   37.97    63.07   18.21    31.91  3.00
          4.00  112.39   237.68   82.68   179.67   54.97   122.68   27.29    63.80  4.00
          5.00  145.34   386.05  108.78   297.25   73.40   205.74   37.33   109.04  5.00
          6.00  179.58   574.49  136.32   448.84   93.02   313.75   48.18   168.77  6.00
          7.00  214.97   804.62  165.08   635.91  113.65   447.93   59.68   243.59  7.00
          8.00  251.40  1077.89  194.92   859.79  135.14   609.15   71.68   333.58  8.00
          9.00  288.76  1395.48  225.75  1121.88  157.35   798.02   83.95   437.91  9.00
         10.00  326.94  1758.32  257.48  1423.43  180.22  1015.34   96.23   554.53 10.00
         11.00  365.86  2167.05  290.06  1765.52  203.72  1262.14  108.30   681.30 11.00
         12.00  405.42  2622.04  323.40  2149.06  227.85  1539.62  120.38   820.23 12.00
         13.00  445.54  3123.59  357.47  2574.99  252.58  1848.89  132.64   973.54 13.00
         14.00  486.15  3671.82  392.21  3044.04  277.92  2190.94  145.15  1142.45 14.00
         15.00  527.19  4266.91  427.58  3556.86  303.83  2566.72  157.99  1328.62 15.00
         16.00  568.61  4908.96  463.54  4114.30  330.31  2977.16  171.26  1534.31 16.00
         17.00  610.37  5598.04  500.06  4717.07  357.35  3423.34  185.06  1762.12 17.00
         18.00  652.43  6334.05  537.15  5366.03  384.95  3906.51  199.52  2015.14 18.00
         19.00  694.74  7116.82  574.76  6061.94  413.15  4428.23  214.73  2296.58 19.00
         20.00  737.26  7946.10  612.90  6805.66  441.97  4990.33  230.79  2609.79 20.00
         21.00  779.97  8821.61  651.55  7598.09  471.46  5594.86  247.77  2957.96 21.00
         22.00  822.82  9742.97  690.72  8440.19  501.65  6243.99  265.72  3344.06 22.00
         23.00  865.78 10709.58  730.38  9332.74  532.59  6940.09  284.67  3770.48 23.00
         24.00  908.80 11720.57  770.55 10276.73  564.31  7685.67  304.61  4239.28 24.00
         25.00  951.84 12774.95  811.21 11272.87  596.87  8483.42  325.57  4752.84 25.00
         26.00  994.88 13872.37  852.33 12321.54  630.30  9336.11  347.55  5313.29 26.00
         27.00 1037.91 15012.82  893.88 13422.74  664.66 10246.61  370.55  5923.03 27.00
         28.00 1080.95 16196.31  935.82 14576.02  699.97 11217.77  394.60  6584.31 28.00
         29.00 1123.98 17422.83  978.09 15780.59  736.27 12252.40  419.68  7299.42 29.00
         30.00 1167.02 18692.40 1020.62 17035.40  773.58 13353.21  445.83  8070.70 30.00
         31.00 1210.06 20004.99 1063.36 18339.05  811.93 14522.82  473.02  8900.34 31.00
         32.00 1244.49 21086.06 1097.58 19413.52  843.03 15499.29  495.31  9599.98 32.00


                  X     216.370 
           T      AREA   MOM BL   T

          0.00    0.00     0.00  0.00
          1.00    0.00     0.00  1.00
          2.00    0.00     0.00  2.00
          3.00    0.08     0.22  3.00
          4.00    0.54     1.86  4.00
          5.00    1.32     5.39  5.00
          6.00    2.30    10.78  6.00
          7.00    3.45    18.28  7.00
          8.00    4.71    27.73  8.00
          9.00    5.92    38.01  9.00
         10.00    6.69    45.25 10.00
         11.00    6.69    45.26 11.00
         12.00    6.69    45.26 12.00
         13.00    6.69    45.26 13.00
         14.00    6.69    45.26 14.00
         15.00    6.69    45.26 15.00
         16.00    6.69    45.26 16.00
         17.00    6.69    45.26 17.00
         18.00    6.69    45.26 18.00
         19.00    6.69    45.26 19.00
         20.00    6.69    45.26 20.00
         21.00    6.69    45.26 21.00
         22.00    6.69    45.26 22.00
         23.00    6.69    45.26 23.00
         24.00    6.69    45.26 24.00
         25.00    6.69    45.26 25.00
         26.00    6.69    45.26 26.00
         27.00    6.69    45.26 27.00
         28.00    6.69    45.26 28.00
         29.00    6.75    47.05 29.00
         30.00    8.79   107.48 30.00
         31.00   12.22   212.19 31.00
         32.00   15.39   311.66 32.00