# frame number, frame position (m)
0 -4.240 56 40.560 112 85.360 168 130.160 224 174.960
1 -3.440 57 41.360 113 86.160 169 130.960 225 175.760
2 -2.640 58 42.160 114 86.960 170 131.760 226 176.560
3 -1.840 59 42.960 115 87.760 171 132.560 227 177.360
4 -1.040 60 43.760 116 88.560 172 133.360 228 178.160
5 -0.240 61 44.560 117 89.360 173 134.160 229 178.960
6 0.560 62 45.360 118 90.160 174 134.960 230 179.760
7 1.360 63 46.160 119 90.960 175 135.760 231 180.560
8 2.160 64 46.960 120 91.760 176 136.560 232 181.360
9 2.960 65 47.760 121 92.560 177 137.360 233 182.160
10 3.760 66 48.560 122 93.360 178 138.160 234 182.960
11 4.560 67 49.360 123 94.160 179 138.960 235 183.760
12 5.360 68 50.160 124 94.960 180 139.760 236 184.560
13 6.160 69 50.960 125 95.760 181 140.560 237 185.360
14 6.960 70 51.760 126 96.560 182 141.360 238 186.160
15 7.760 71 52.560 127 97.360 183 142.160 239 186.960
16 8.560 72 53.360 128 98.160 184 142.960 240 187.760
17 9.360 73 54.160 129 98.960 185 143.760 241 188.560
18 10.160 74 54.960 130 99.760 186 144.560 242 189.360
19 10.960 75 55.760 131 100.560 187 145.360 243 190.160
20 11.760 76 56.560 132 101.360 188 146.160 244 190.960
21 12.560 77 57.360 133 102.160 189 146.960 245 191.760
22 13.360 78 58.160 134 102.960 190 147.760 246 192.560
23 14.160 79 58.960 135 103.760 191 148.560 247 193.360
24 14.960 80 59.760 136 104.560 192 149.360 248 194.160
25 15.760 81 60.560 137 105.360 193 150.160 249 194.960
26 16.560 82 61.360 138 106.160 194 150.960 250 195.760
27 17.360 83 62.160 139 106.960 195 151.760 251 196.560
28 18.160 84 62.960 140 107.760 196 152.560 252 197.360
29 18.960 85 63.760 141 108.560 197 153.360 253 198.160
30 19.760 86 64.560 142 109.360 198 154.160 254 198.960
31 20.560 87 65.360 143 110.160 199 154.960 255 199.760
32 21.360 88 66.160 144 110.960 200 155.760 256 200.560
33 22.160 89 66.960 145 111.760 201 156.560 257 201.360
34 22.960 90 67.760 146 112.560 202 157.360 258 202.160
35 23.760 91 68.560 147 113.360 203 158.160 259 202.960
36 24.560 92 69.360 148 114.160 204 158.960 260 203.760
37 25.360 93 70.160 149 114.960 205 159.760 261 204.560
38 26.160 94 70.960 150 115.760 206 160.560 262 205.360
39 26.960 95 71.760 151 116.560 207 161.360 263 206.160
40 27.760 96 72.560 152 117.360 208 162.160 264 206.960
41 28.560 97 73.360 153 118.160 209 162.960 265 207.760
42 29.360 98 74.160 154 118.960 210 163.760 266 208.560
43 30.160 99 74.960 155 119.760 211 164.560 267 209.360
44 30.960 100 75.760 156 120.560 212 165.360 268 210.160
45 31.760 101 76.560 157 121.360 213 166.160 269 210.960
46 32.560 102 77.360 158 122.160 214 166.960 270 211.760
47 33.360 103 78.160 159 122.960 215 167.760
48 34.160 104 78.960 160 123.760 216 168.560
49 34.960 105 79.760 161 124.560 217 169.360
50 35.760 106 80.560 162 125.360 218 170.160
51 36.560 107 81.360 163 126.160 219 170.960
52 37.360 108 82.160 164 126.960 220 171.760
53 38.160 109 82.960 165 127.760 221 172.560
54 38.960 110 83.760 166 128.560 222 173.360
55 39.760 111 84.560 167 129.360 223 174.160

