FR WD FR WD FR WD FR WD FR WD FR WD
# t/m # t/m # t/m # t/m # t/m # t/m
0 84.80 50 81.56 100 90.12 150 89.68 200 127.36 250 120.94
1 92.47 51 84.78 101 142.36 151 89.67 201 124.19 251 109.36
2 105.89 52 91.50 102 142.35 152 89.66 202 123.81 252 105.72
3 105.87 53 126.91 103 142.34 153 89.65 203 122.61 253 95.42
4 101.19 54 127.55 104 90.08 154 89.64 204 125.12 254 94.69
5 101.18 55 128.19 105 90.08 155 89.63 205 124.74 255 93.01
6 89.63 56 133.64 106 90.07 156 89.63 206 119.67 256 92.18
7 88.68 57 134.28 107 90.06 157 89.62 207 120.18 257 91.46
8 96.03 58 124.12 108 90.05 158 89.61 208 139.43 258 80.92
9 124.35 59 119.41 109 90.04 159 89.60 209 139.05 259 78.49
10 124.34 60 87.61 110 90.03 160 89.59 210 136.25 260 77.78
11 111.34 61 87.71 111 90.02 161 142.58 211 133.87 261 48.30
12 101.33 62 100.19 112 90.01 162 142.57 212 140.05 262 47.59
13 76.87 63 109.44 113 90.01 163 142.57 213 147.46 263 29.89
14 73.95 64 107.49 114 90.00 164 89.55 214 149.40 264 29.11
15 73.94 65 87.36 115 89.99 165 89.55 215 150.30 265 28.34
16 72.56 66 87.35 116 89.98 166 89.54 216 149.92 266 22.63
17 68.05 67 87.34 117 89.97 167 89.53 217 149.20 267 16.39
18 68.04 68 87.33 118 89.96 168 89.52 218 148.82 268 15.16
19 68.04 69 87.32 119 89.95 169 89.51 219 148.44 269 8.99
20 68.03 70 87.31 120 89.94 170 89.50 220 145.53 270 2.97
21 62.39 71 141.93 121 89.93 171 89.49 221 111.70
22 62.38 72 141.93 122 89.93 172 89.48 222 129.05
23 62.38 73 141.92 123 89.92 173 89.48 223 143.11
24 62.37 74 87.91 124 89.91 174 89.47 224 171.15
25 62.36 75 87.90 125 89.90 175 89.46 225 175.17
26 62.35 76 87.89 126 89.89 176 89.45 226 175.04
27 62.34 77 87.88 127 89.88 177 89.44 227 174.99
28 62.33 78 87.87 128 89.87 178 89.43 228 174.94
29 62.84 79 87.86 129 89.86 179 89.42 229 170.66
30 62.83 80 87.85 130 89.86 180 89.41 230 169.18
31 62.82 81 87.85 131 142.85 181 89.40 231 151.16
32 62.81 82 87.84 132 142.84 182 89.40 232 151.28
33 62.81 83 87.83 133 142.83 183 89.39 233 149.35
34 58.41 84 89.93 134 89.82 184 89.38 234 148.29
35 58.40 85 89.92 135 89.81 185 89.37 235 148.29
36 61.48 86 89.91 136 89.80 186 89.36 236 169.54
37 66.86 87 89.90 137 89.79 187 89.35 237 169.59
38 66.87 88 89.89 138 89.78 188 89.34 238 153.40
39 66.88 89 109.01 139 89.78 189 89.33 239 118.86
40 66.89 90 109.00 140 89.77 190 89.32 240 118.81
41 107.21 91 108.99 141 89.76 191 89.32 241 118.34
42 117.98 92 89.86 142 89.75 192 89.31 242 118.29
43 118.06 93 89.85 143 89.74 193 89.30 243 113.61
44 77.85 94 89.84 144 89.73 194 89.29 244 113.56
45 77.95 95 89.83 145 89.72 195 89.28 245 116.17
46 78.05 96 89.82 146 89.71 196 87.38 246 116.16
47 86.39 97 89.81 147 89.70 197 127.38 247 116.15
48 89.23 98 89.80 148 89.70 198 138.36 248 138.66
49 89.33 99 89.79 149 89.69 199 137.97 249 138.67 